Sample	Use	Well(s)	n	Included	B7-H1	CD40 Lig	EGF	Eotaxin	FGF-basic (CDXY)	FGF-basic (HR)	Flt-3 Lig	Fractalkine	G-CSF	GM-CSF	Granzyme B	GRO alpha	GRO beta	IFN-alpha2	IFN-beta	IFN-gamma	IL-10	IL-12p70	IL-13	IL-15	IL-17A	IL-17E	IL-1alpha (BYU)	IL-1alpha (GX)	IL-1beta	IL-1ra	IL-2	IL-3	IL-33	IL-4	IL-5	IL-6	IL-7	IL-8	IP-10	MCP-1	MCP-3	MDC	MIP-1alpha	MIP-1beta	MIP-3alpha	MIP-3beta	PDGF-AA	PDGF-AB/BB	RANTES	TGF-alpha	TNF-alpha	TNF-beta	TRAIL	VEGF
Background0	Blank	A1		Checked																																																		
Background0	Blank	A2		Checked																																																		
Standard1	Standard	B1		Indeterminate	49009.27		1345.40	20172.62	7022.80	5385.24	16562.73	163338.69	15974.50	11632.11	5892.52	12584.12	4463.64	4387.59	1520.68	35920.75	20522.81	10814.17	31868.55	2064.51	5186.16	9863.88	505.02	3717.83	2522.74	9261.39	1877.88	10741.75	8046.70	668.47	9688.92	6302.95	1947.58	1288.31	1816.15	2430.36	8059.01		3852.38	42620.60	376.71	2194.70	4756.02		188246.27	8336.02	8801.66	294.32	18282.09	4737.84
Standard1	Standard	B2		Indeterminate	44821.85		925.32	18290.42	6413.53	5320.80	15112.39	148382.98	15275.83	11323.81	5408.70	12218.02	4278.79	4155.13	1469.98	29622.56	19585.65	10527.61	30309.12	1947.84	4968.37	9546.43	446.90	3427.15	2327.57	8662.51	1858.50	10172.69	7734.40	627.20	6315.06	5953.57	1837.74	1250.22	1719.04	2413.12	8112.72		3320.93	39615.33	342.20	2047.02	4591.34	9786.00	182406.22	6896.18	8423.34	269.14	17536.17	4476.66
Standard2	Standard	C1		Indeterminate	16016.62		451.96	6600.20	2381.88	2224.61	6888.46	52443.95	5806.17	4142.79	2066.96	4666.62	1939.42	1428.73	538.15	11253.68	6635.29	3653.92	11100.74	723.18	1845.84	3554.91	267.93	1354.26	891.24	3625.52	659.80	3944.77	3089.39	233.28	1896.55	2208.38	676.47	444.29	602.13	917.09	4754.35	6237.69	1004.56	17121.01	161.30	875.29	1756.86	3767.92	65065.67	1807.72	3245.42	94.55	6730.18	1717.17
Standard2	Standard	C2		Indeterminate	15062.21		407.29	6324.65	2292.25	2093.59	6715.10	48223.25	5635.60	3819.26	1980.20	4471.45	1900.87	1336.01	496.95	9805.40	6242.86	3512.45	10524.24	679.05	1729.27	3343.86	245.43	1237.94	863.15	3214.85	622.28	3576.53	2926.27	213.54	1810.40	2064.28	629.59	428.56	569.45	869.25	4579.24	5070.86	953.82	16412.11	153.85	837.24	1673.67	3518.97	63952.59	1711.74	3075.51	89.78	6317.27	1606.19
Standard3	Standard	D1		Indeterminate	5239.96		156.42	2134.72	743.35	623.05	1983.12	17421.85	1801.55	1339.41	634.02	1473.74	695.88	470.87	170.27	3646.12	2169.66	1214.16	3569.33	219.95	577.97	1119.57	78.22	396.95	268.86	1040.03	216.02	1202.20	903.20	71.80	639.26	686.59	211.40	143.76	200.58	284.26	1706.27	1676.93	333.80	5213.75	46.61	277.66	537.74	1287.19	19512.01	649.58	980.72	31.42	2011.25	521.40
Standard3	Standard	D2		Indeterminate	4936.07		147.51	2084.54	720.60	607.50	1933.90	16071.35	1741.64	1252.54	611.92	1452.46	682.46	440.27	159.32	3386.77	2068.89	1159.71	3436.35	214.00	554.02	1081.63	73.83	367.06	262.09	987.90	204.50	1151.56	849.13	69.04	621.07	652.70	202.61	135.08	193.98	275.45	1640.35	1612.29	328.31	5121.32	43.81	260.88	508.26	1233.93	19110.72	616.37	946.87	29.75	1934.77	503.46
Standard4	Standard	E1		Checked	1848.01		51.86	750.19	262.96	214.71	680.51	6235.66	618.18	452.85	224.96	516.86	225.32	168.98	60.03	1236.24	767.49	414.58	1227.73	79.61	205.13	387.43	27.78	139.85	94.56	354.37	74.43	424.85	308.53	25.62	218.76	244.64	75.01	50.29	67.52	98.40	535.08	612.20	111.34	1846.89	16.14	96.71	184.67	452.04	7072.71	218.16	343.30	11.21	714.14	183.54
Standard4	Standard	E2		Indeterminate	1688.11		45.27	689.69	242.67	198.10	647.44	5441.21	567.84	420.21	205.09	491.68	211.01	150.63	53.39	1129.91	676.27	384.80	1149.71	72.20	183.12	359.03	24.81	118.10	86.78	318.51	66.68	385.85	285.89	23.48	199.66	224.01	67.32	48.33	63.36	94.84	505.24	553.31	110.27	1719.92	14.76	85.20	172.17	425.73	6369.69	197.82	315.24	9.90	656.06	164.53
Standard5	Standard	F1		Indeterminate	583.06		16.62	242.92	88.37	76.76	234.68	2014.36	211.24	151.86	73.27	169.39	74.60	55.36	19.41	401.41	248.48	137.95	405.39	25.75	68.14	126.88	8.58	46.30	31.73	117.29	24.24	140.67	106.64	8.30	69.90	78.44	24.44	16.26	21.91	32.57	190.24	188.53	37.05	617.41	5.50	31.04	62.57	140.30	2328.32	71.30	111.40	3.66	238.75	61.19
Standard5	Standard	F2		Indeterminate	546.72		15.27	228.75	79.95	68.86	220.41	1743.46	194.19	136.09	67.65	161.56	70.68	47.68	17.08	361.49	224.55	124.70	380.43	24.11	59.10	117.99	8.21	41.25	29.21	106.55	22.37	128.25	98.18	7.53	66.80	72.16	22.86	15.06	20.93	31.44	173.01	182.33	35.41	564.62	5.27	28.07	55.60	131.55	2164.58	63.43	103.56	3.23	217.87	54.78
Standard6	Standard	G1		Indeterminate	198.73		5.83	82.20	29.52	25.72	86.38	665.38	70.93	51.72	25.40	57.90	25.84	19.77	7.48	138.96	87.66	46.34	134.50	8.78	23.36	44.37	3.02	17.27	11.01	40.36	8.23	47.88	38.66	2.93	23.97	27.22	8.21	6.18	7.53	10.87	60.20	66.31	12.45	201.53	1.90	10.97	21.92	50.49	860.88	24.58	40.37	1.35	81.96	21.35
Standard6	Standard	G2		Checked	190.29		5.56	78.19	27.22	22.57	80.78	618.55	69.98	47.52	23.50	53.28	24.11	18.14	6.30	132.45	79.57	44.86	129.88	8.19	21.40	40.82	2.88	15.21	10.39	35.96	7.82	45.53	34.63	2.73	23.47	26.49	7.91	5.39	7.33	10.34	57.13	64.45	12.08	197.75	1.80	10.17	20.86	47.28	828.99	22.80	37.30	1.19	78.37	19.68
Standard7	Standard	H1		Indeterminate	66.52		1.77	28.59	5.59	1.86	25.93	215.94	22.05	16.20	8.35	7.01	8.40	5.97	2.17	45.18	28.10	15.59	44.99	2.92	7.46	13.24	0.97	5.20	3.50	13.60	2.65	15.76	11.42	0.94	7.79	9.21	2.57	1.81	2.48	3.69	20.20	20.95	4.00	65.05	0.55	3.44	6.72	15.42	233.71	7.54	12.77	0.65	26.80	6.84
Standard7	Standard	H2		Indeterminate	61.72		1.67	24.73	0.92	0.00	23.74	204.46	20.97	15.44	7.49	0.00	7.83	5.53	2.01	40.78	24.75	13.83	42.61	2.66	6.69	13.24	0.93	4.56	3.20	11.49	2.53	14.18	10.68	0.85	7.54	7.92	2.57	1.72	2.33	3.41	19.76	21.34	4.00	65.05	0.43	3.12	6.22	14.96	233.71	7.20	11.54	0.36	23.91	6.09
Unknown1	Unknown	A3		Checked	181.89		5.19	63.21	32.06	19.28	103.10	649.66	67.12	47.52	23.19	247.46	27.32	16.03	7.99	103.55	129.63	45.85	134.50	5.24	27.60	77.33	3.18	15.89	9.08	47.00	14.65	63.40	65.50	3.22	5.69	33.46	11.57	6.61	9.88	11.81	45.76	286.35	68.10	700.65	2.27	11.36	23.77	43.42	1186.08	31.04	150.61	2.13	85.56	20.51
Unknown1	Unknown	A5		Checked	0.04		0.00	0.00	0.00	0.00	0.00	20.55	0.00	0.00	0.00	0.00	0.00	0.00	0.00	0.00	0.00	0.00	1.93	0.00	0.00	0.00	0.00	0.00	0.00	0.00	0.00	0.00	0.00	0.00	0.00	0.00	0.00	0.00	0.00	0.99	4.77	8.38	0.00	8.27	0.00	0.00	0.00	0.00	0.00	0.00	0.00	0.00	0.00	0.00
Unknown2	Unknown	B3		Checked	9619.84		252.69	3713.39	1845.78	1659.95	5120.64	32346.39	3626.44	2345.19	1272.31	2773.37	1324.40	758.34	381.80	5713.54	10116.39	3047.96	6780.02	335.18	1320.68	3480.45	176.04	912.14	455.18	2528.58	718.27	3033.16	2669.59	154.21	370.18	1542.15	538.83	298.40	497.05	638.81	2467.79	2638.51	713.64	8908.87	113.48	543.40	1473.62	2209.68	56202.92	1417.71	2017.94	119.91	4469.30	1043.30
Unknown2	Unknown	B5		Checked	44362.01		797.27	16666.14	6567.73	5286.43	14802.22	141549.52	14966.44	11183.25	5146.97	11872.30	4152.11	4215.55	1459.53	28060.18	19494.51	10527.61	28427.71	1963.97	4974.08	9392.05	438.54	3428.97	2373.85	8253.79	1789.92	9417.77	7506.87	598.77	5274.85	5929.38	1747.41	1168.09	1620.44	2316.62	6874.79	8394.20	2849.07	33407.82	320.96	1851.60	4229.98	6377.46	175909.16	4012.36	8022.92	258.59	16864.46	4202.34
Unknown3	Unknown	C3		Indeterminate	433.67		32.78	46.34	31.78	32.67	320.99	1420.40	88.75	295.92	3184.15	3592.82	949.10	4.25	3.22	1183.38	273.52	34.13	72.53	28.21	62.10	151.40	6.04	95.06	87.26	4689.97	334.74	88.02	64.73		8.18	4888.43	5.54		540.33	2249.43	279.18	1612.51	122.31	1706.05	24.50	70.77	4098.92	1140.64	49562.86	32.13	439.84	64.06	24.73	408.58
Unknown3	Unknown	C5		Checked	15496.84		414.62	6624.46	2453.27	2201.59	6974.51	49078.10	5769.44	4144.20	1971.52	4752.38	1896.79	1396.60	504.90	10071.47	6597.62	3607.75	10814.30	700.64	1836.86	3413.84	259.74	1255.13	887.78	3375.31	634.21	3531.12	2922.52	218.79	1842.15	2004.49	621.51	436.29	568.91	839.60	4578.36	4888.67	953.62	15150.95	150.51	839.72	1548.00	3403.74	63098.24	1684.29	3091.55	88.19	6262.26	1578.08
Unknown4	Unknown	D3		Checked	6.02		0.00	3.44	0.00	0.00	17.47	48.48	0.00	2.63	35.41	34.31	12.68	0.00	0.00	5.00	0.00	0.00	10.03	0.22	0.00	0.00	0.00	0.26	0.05	65.62	5.67	0.00	0.00	0.00	0.00	61.16	0.00	774.21	5.55	285.74	8.40	21.54	0.00	86.04	0.02	0.11	43.47	8.01	504.53	0.00	3.85	0.14	0.00	2.91
Unknown4	Unknown	D5		Checked	5338.03		155.92	2177.51	766.80	629.33	2027.05	16796.59	1796.40	1305.27	634.02	1508.99	712.26	464.59	163.33	3564.65	2182.83	1204.37	3623.74	216.47	570.44	1109.21	78.96	389.67	275.31	1035.93	205.32	1140.68	867.32	66.49	636.22	654.04	207.21	136.98	193.60	276.42	1668.87	1568.00	324.86	5076.08	45.13	273.73	484.08	1266.59	19571.73	610.82	954.59	29.69	1939.54	495.97
Unknown5	Unknown	E3		Checked	184.69		4.92	62.52	30.09	19.28	96.84	610.84	62.33	45.43	22.24	243.13	26.69	15.29	7.57	101.97	122.26	45.85	129.10	5.24	25.60	75.25	3.10	15.89	8.54	44.78	13.92	62.20	62.95	3.11	5.83	33.09	11.70	6.00	9.57	11.30	44.10	280.90	67.52	686.86	2.21	10.97	21.79	41.24	1154.91	30.68	141.38	1.91	80.16	21.07
Unknown5	Unknown	E5		Checked	1743.77		48.42	726.88	252.03	206.45	674.44	5717.05	598.85	432.09	208.48	513.86	222.88	162.43	53.39	1188.76	728.46	399.67	1213.66	74.19	199.37	376.41	26.63	126.48	91.31	323.38	66.77	381.39	282.73	23.10	204.36	222.63	68.43	47.36	62.27	95.72	514.43	571.65	109.28	1779.19	14.86	86.23	165.20	433.76	6346.63	198.04	316.91	9.84	665.09	162.84
Unknown6	Unknown	F3		Checked	9759.19		268.81	3694.24	1887.53	1628.36	5388.37	31069.34	3733.39	2366.27	1293.32	2741.58	1341.78	749.06	378.74	5722.54	10116.39	3077.58	6878.47	342.87	1335.25	3474.84	181.39	943.03	466.56	2582.48	741.05	3017.05	2741.45	161.28	386.12	1530.49	581.84	307.77	496.48	635.41	3032.43	2767.31	706.51	9806.56	117.88	575.77	1474.18	2251.55	57777.27	1436.09	2041.76	118.51	4523.13	1099.33
Unknown6	Unknown	F5		Checked	603.03		16.62	232.89	86.34	73.41	242.82	1922.77	203.59	145.35	72.57	170.49	75.92	52.78	17.98	405.07	233.15	134.62	407.96	25.50	65.93	123.47	9.03	43.41	31.25	113.06	22.84	130.20	101.51	7.57	70.50	77.43	23.25	16.03	21.22	31.63	178.22	181.64	36.21	591.83	5.47	29.48	55.88	135.86	2199.39	68.03	109.53	3.32	228.53	56.30
Unknown7	Unknown	G3		Checked	411.56		32.18	46.34	30.09	28.76	317.27	1400.87	87.82	298.91	3001.71	3581.49	939.78	4.68	2.65	1166.22	246.56	33.17	63.55	30.49	60.46	154.12	6.04	98.07	84.67	4704.31	323.86	87.09	64.73	0.75	8.12	4992.96	5.43	12824.04	545.04	2019.67	245.92	1449.22	99.31	1719.92	25.55	73.60	3881.56	1109.51	49923.02	33.21	458.52	61.22	25.97	407.83
Unknown7	Unknown	G5		Checked	193.09		5.29	70.75	24.88	20.39	81.48	595.49	65.21	45.85	22.87	50.87	23.02	17.02	5.62	127.59	71.53	42.89	124.41	7.81	21.15	38.68	2.72	13.17	9.62	33.04	7.14	41.45	31.61	2.35	20.98	22.90	7.27	5.06	6.81	9.89	55.07	60.63	11.18	188.15	1.58	9.22	18.50	45.59	722.04	19.97	34.93	0.92	73.90	17.74
Unknown8	Unknown	H3		Checked	7.77		0.00	3.44	0.00	0.00	16.36	44.66	0.00	2.63	32.80	31.02	12.17	0.00	0.00	3.19	0.00	0.00	10.03	0.25	0.00	0.00	0.00	0.00	0.00	64.87	5.15	0.00	0.00	0.00	0.00	58.00	0.00	671.86	5.15	263.24	7.92	20.56	2.86	83.20	0.00	0.00	38.29	6.72	482.45	0.00	4.13	0.00	0.00	2.67
Unknown8	Unknown	H5		Checked	56.97		1.22	21.58	0.00	0.00	23.00	193.16	17.70	13.94	6.37	0.00	6.95	4.89	1.69	37.86	19.78	12.95	37.69	2.31	5.93	10.62	0.85	3.92	2.59	6.61	2.29	11.58	8.21	0.75	6.49	6.97	2.15	1.29	2.03	3.41	17.99	19.76	2.15	65.05	0.31	2.46	4.99	13.44	198.61	5.86	10.62	0.09	20.64	5.34
Unknown9	Unknown	A4		Checked	187.48		5.10	65.28	30.65	21.49	102.40	641.84	65.21	47.52	23.82	250.04	27.85	15.54	7.99	106.73	125.94	48.33	137.54	5.48	26.85	74.55	3.15	15.89	9.16	49.22	15.32	64.01	64.99	3.29	5.83	34.95	11.82	6.43	9.66	12.23	47.42	282.86	71.76	705.04	2.27	11.60	24.83	44.07	1186.08	31.40	147.53	1.96	86.46	21.63
Unknown9	Unknown	A6		Checked	0.00		0.00	0.00	0.00	0.00	0.00	20.55	0.00	0.00	0.00	0.00	0.00	0.00	0.00	0.00	0.00	0.00	1.93	0.00	0.00	0.00	0.00	0.00	0.00	0.00	0.00	0.00	0.00	0.00	0.00	0.00	0.00	0.00	0.00	0.99	4.77	8.38	0.00	8.27	0.00	0.00	0.00	0.00	0.00	0.00	0.00	0.00	0.00	0.00
Unknown10	Unknown	B4		Checked	9934.97		260.16	3731.87	1870.56	1646.43	5312.94	32375.68	3717.32	2364.36	1302.06	2801.83	1316.38	771.51	389.29	5809.34	10189.01	3133.01	7017.26	339.60	1333.58	3521.50	180.30	931.60	464.13	2559.03	729.23	3032.54	2762.78	163.40	383.97	1605.25	559.92	303.26	494.16	635.60	2604.50	2722.72	725.23	8888.71	115.33	572.97	1484.74	2272.24	56996.41	1476.12	2083.40	120.41	4531.31	1067.99
Unknown10	Unknown	B6		Checked	45578.96		867.98	16999.36	6628.82	5420.88	15025.95	147774.56	15557.98	11249.76	5476.04	11884.00	3821.57	4337.81	1495.54	28836.27	20022.77	10596.12	28810.00	2031.75	5125.18	9687.99	440.18	3530.42	2433.40	8705.10	1800.97	10021.18	7614.26	636.67	5508.54	5984.90	1826.91	1193.41	1742.78	2253.01	6782.99	9036.55	2436.98	31531.21	342.39	1933.65	4240.73	6433.31	174353.88	4839.87	8342.43	280.97	17396.53	4373.59
Unknown11	Unknown	C4		Indeterminate	424.17		33.60	48.48	34.00	31.70	339.55	1499.34	89.67	319.41	3305.86	3681.29	961.94	4.89	2.98	1276.44	289.00	34.13	71.55	29.73	66.48	161.92	6.28	101.08	92.93	4970.29	346.32	91.16	69.31		8.63	4968.00	6.11		549.10	2136.11	284.51	1600.50	121.38	1839.57	25.86	75.49	4185.39	1179.38	50263.02	34.67	449.38	66.34	27.21	429.98
Unknown11	Unknown	C6		Checked	15988.55		415.53	6480.30	2422.07	2226.59	6948.30	47904.62	5823.30	4096.26	2009.64	4651.59	1960.65	1427.09	521.35	10194.70	6512.93	3658.70	10920.84	713.48	1851.23	3458.05	262.15	1297.32	892.76	3486.63	628.35	3602.03	2970.98	220.70	1854.45	2083.64	643.47	443.26	586.91	848.40	4270.57	4142.54	946.54	14988.49	155.43	819.46	1570.82	3363.30	63161.26	1732.86	3066.40	89.32	6329.01	1597.20
Unknown12	Unknown	D4		Checked	9.59		0.00	3.44	0.00	0.00	16.36	44.66	0.00	3.28	34.75	37.41	12.68	0.00	0.00	5.00	0.00	0.00	12.09	0.22	0.00	0.00	0.00	0.26	0.05	66.37	5.41	0.00	0.00	0.00	0.00	61.16	0.00	710.46	5.08	283.88	8.52	21.73	0.00	83.20	0.01	0.11	42.10	7.71	487.98	0.00	3.85	0.00	0.00	2.91
Unknown12	Unknown	D6		Checked	5282.66		152.07	2093.86	744.75	632.67	1971.52	15875.75	1769.20	1305.27	610.95	1507.98	702.42	446.28	156.31	3535.73	2051.39	1200.17	3593.34	213.64	550.46	1101.62	76.91	354.18	270.95	999.65	198.22	1110.89	848.03	65.38	604.65	642.54	197.10	134.39	182.89	268.43	1651.65	1493.12	325.02	5029.98	43.23	257.44	472.51	1198.47	18546.21	606.91	931.94	29.09	1927.03	487.53
Unknown13	Unknown	E4		Checked	173.56		4.82	61.49	28.95	16.99	97.54	595.49	60.40	45.01	22.24	243.13	25.62	15.29	7.48	103.55	124.10	45.85	127.16	5.32	25.85	73.16	3.08	14.53	8.70	45.15	15.02	63.40	64.22	3.15	5.56	32.35	11.33	5.75	9.57	11.38	43.89	275.97	64.56	671.30	2.21	11.60	22.18	41.62	1123.68	30.32	145.99	2.13	81.96	20.79
Unknown13	Unknown	E6		Checked	1705.97		46.37	704.36	251.66	200.06	644.74	5485.64	568.23	411.45	200.90	493.92	219.57	153.94	49.43	1171.58	670.15	382.33	1208.56	71.73	184.20	367.39	26.33	111.66	85.16	327.45	63.41	377.67	274.85	21.81	201.59	212.07	66.74	43.68	61.74	91.93	494.75	610.45	108.60	1750.66	14.34	82.75	151.47	425.02	5540.19	189.35	310.24	9.29	626.93	152.09
Unknown14	Unknown	F4		Checked	9569.59		264.75	3638.51	1838.89	1628.17	5361.75	30983.12	3743.34	2441.25	1310.21	2768.04	1342.66	762.65	379.58	5776.70	10026.86	3123.63	6811.82	342.41	1312.58	3489.94	186.05	941.76	473.11	2562.84	721.13	2997.90	2709.65	160.00	384.95	1600.47	573.40	297.33	511.31	636.05	2979.65	2710.34	679.90	9375.43	117.68	553.58	1484.37	2277.60	57345.31	1479.93	2033.35	117.28	4594.17	1068.21
Unknown14	Unknown	F6		Checked	556.60		16.27	227.27	84.75	71.90	230.60	1785.18	199.75	135.16	69.75	166.06	72.27	51.92	17.08	395.03	221.69	130.20	402.04	24.26	64.84	120.73	9.00	40.17	30.00	108.85	21.06	128.57	97.15	7.18	70.10	73.37	22.53	16.50	20.82	31.18	178.12	176.29	35.35	577.70	5.43	27.60	53.66	130.99	2049.94	64.96	104.67	2.75	220.77	53.87
Unknown15	Unknown	G4		Indeterminate	424.17		32.55	49.20	29.52	31.70	330.10	1509.30	87.82	301.90	3044.14	3710.17	964.26	4.68	2.65	1191.98	269.66	35.10	69.59	27.05	62.37	167.01	5.63	99.57	86.78	4711.14	322.57	85.53	63.97		7.92	4994.81	5.65		541.78	2038.83	263.02	1485.03	117.17	1743.74	25.33	72.19	4057.74	1141.79	51098.36	34.67	435.51	62.46	25.56	409.70
Unknown15	Unknown	G6		Checked	184.69		5.10	68.36	24.88	20.39	77.27	572.69	63.29	42.52	22.24	50.87	22.58	16.77	5.45	124.36	71.53	40.92	124.41	7.52	20.91	39.04	2.75	13.17	9.47	31.58	7.14	41.45	31.11	2.35	20.98	23.61	7.15	5.15	6.68	9.80	54.86	61.12	11.44	189.12	1.54	9.06	17.72	45.63	700.53	19.97	34.93	0.76	70.34	17.19
Unknown16	Unknown	H4		Checked	6.02		0.00	2.40	0.00	0.00	17.84	46.56	0.00	3.28	39.03	40.34	14.44	0.00	0.00	6.24	0.00	0.00	7.77	0.22	0.00	0.00	0.00	0.00	0.19	73.89	6.07	0.00	0.00	0.00	0.00	69.54	0.00	827.37	6.55	303.88	7.92	24.35	1.24	91.59	0.04	0.37	46.21	8.66	581.29	0.00	4.41	0.00	0.00	3.62
Unknown16	Unknown	H6		Checked	59.34		1.22	20.79	0.00	0.00	21.53	187.58	16.59	13.19	6.65	0.00	6.65	4.89	1.69	37.86	21.43	12.95	37.69	2.45	6.25	9.48	0.85	3.92	2.59	6.61	2.29	11.58	8.21	0.69	6.49	6.66	2.04	1.02	2.03	3.41	18.43	19.36	2.86	58.45	0.31	2.30	4.99	13.41	151.09	5.86	10.31	0.00	20.64	4.84
