Sample	Use	Well(s)	n	Included	B7-H1	CD40 Lig	EGF	Eotaxin	FGF-basic (CDXY)	FGF-basic (HR)	Flt-3 Lig	Fractalkine	G-CSF	GM-CSF	Granzyme B	GRO alpha	GRO beta	IFN-alpha2	IFN-beta	IFN-gamma	IL-10	IL-12p70	IL-13	IL-15	IL-17A	IL-17E	IL-1alpha (BYU)	IL-1alpha (GX)	IL-1beta	IL-1ra	IL-2	IL-3	IL-33	IL-4	IL-5	IL-6	IL-7	IL-8	IP-10	MCP-1	MCP-3	MDC	MIP-1alpha	MIP-1beta	MIP-3alpha	MIP-3beta	PDGF-AA	PDGF-AB/BB	RANTES	TGF-alpha	TNF-alpha	TNF-beta	TRAIL	VEGF
Background0	Blank	A1		Checked																																																		
Background0	Blank	A2		Checked																																																		
Standard1	Standard	B1		Indeterminate	49002.878	275610.032	1381.993	20174.882	6753.421	5292.137	17479.470	163307.848	15974.638	11632.281	5892.839	11683.292	5319.916	4275.322	1552.555	34711.181	20519.998	10812.726	31869.645	2064.638	5185.900	9863.573	831.763	3671.025	2522.374	8903.119	1877.235	10742.470	7862.675	668.327	6249.868	6302.815	1947.770	1252.784	1816.220	2430.567	12728.023		3287.679	45515.511	394.744	2344.172	4755.963		191005.754	8348.239	8801.541	296.012	18281.726	4737.804
Standard1	Standard	B2		Indeterminate	44817.373	256434.872	930.125	18291.786	6270.204	5229.648	15778.590	148357.851	15275.993	11323.983	5408.790	11119.695	4941.711	4058.902	1500.767	28982.105	19583.307	10526.252	30309.986	1947.935	4968.187	9546.263	576.191	3383.440	2327.389	8285.923	1857.880	10173.059	7560.563	627.109	5326.323	5953.450	1837.867	1219.431	1719.118	2413.321	12959.004		2973.092	41951.226	354.643	2163.661	4591.304	9469.958	185035.214	6900.234	8423.297	269.899	17535.968	4476.609
Standard2	Standard	C1		Checked	16017.615	111322.829	452.050	6600.151	2459.420	2196.490	6898.087	52439.070	5806.224	4142.737	2066.867	4590.703	1966.247	1448.004	547.278	11230.516	6635.870	3653.865	11100.578	723.136	1845.957	3555.015	260.387	1335.984	891.357	3397.644	659.798	3944.511	3032.171	233.336	1894.319	2208.442	676.400	454.670	602.129	916.985	5113.869	5990.963	1004.138	17240.959	160.642	881.501	1756.895	3767.197	65479.747	1807.619	3245.488	93.522	6730.345	1717.185
Standard2	Standard	C2		Indeterminate	15063.177	104662.454	407.308	6324.602	2366.523	2067.328	6720.118	48218.766	5635.652	3819.199	1980.116	4425.774	1925.808	1355.709	505.121	9793.110	6243.430	3512.411	10524.089	679.006	1729.386	3343.947	235.490	1221.239	863.258	3014.518	622.279	3576.309	2872.171	213.588	1809.322	2064.344	629.528	438.727	569.451	869.156	4875.923	4956.848	953.784	16510.051	153.035	842.457	1673.703	3518.721	64350.997	1711.654	3075.576	88.816	6317.412	1606.208
Standard3	Standard	D1		Indeterminate	5240.159	38530.854	156.382	2134.709	748.816	616.002	1952.266	17419.984	1801.542	1339.380	634.031	1553.783	695.407	479.814	171.585	3649.664	2169.881	1214.185	3569.339	219.942	577.982	1119.557	76.304	391.820	268.866	993.935	216.036	1202.199	885.030	71.803	639.949	686.604	211.384	146.032	200.566	284.269	1684.572	1678.816	333.924	5206.296	45.632	277.059	537.746	1287.408	19455.136	649.617	980.711	31.332	2011.241	521.409
Standard3	Standard	D2		Indeterminate	4936.234	89311.699	147.480	2084.535	725.224	600.658	1903.469	16069.604	1741.629	1252.512	611.926	1531.085	681.947	448.394	160.453	3390.181	2069.093	1159.739	3436.353	213.993	554.037	1081.615	72.238	362.345	262.086	945.244	204.522	1151.566	831.907	69.040	621.719	652.717	202.603	137.050	193.971	275.461	1619.791	1614.134	328.422	5114.138	42.873	260.290	508.260	1234.134	19052.000	616.410	946.855	29.689	1934.760	503.476
Standard4	Standard	E1		Checked	1847.932	13357.139	51.860	750.193	257.057	213.108	666.166	6234.946	618.167	452.848	224.968	523.600	224.989	169.725	59.877	1237.202	767.527	414.595	1227.730	79.620	205.127	387.430	28.047	138.133	94.544	347.807	74.436	424.865	301.272	25.615	218.757	244.635	75.017	49.862	67.511	98.405	535.641	612.254	111.330	1847.072	15.749	96.548	184.669	452.051	6999.077	218.172	343.291	11.289	714.127	183.536
Standard4	Standard	E2		Checked	1688.030	11504.009	45.269	689.694	236.788	196.744	633.669	5440.593	567.831	420.212	205.091	496.804	210.721	150.965	53.194	1130.730	676.301	384.813	1149.716	72.207	183.112	359.033	25.073	116.658	86.764	313.449	66.682	385.864	279.079	23.476	199.647	224.010	67.326	47.877	63.355	94.838	506.007	553.308	110.257	1720.177	14.403	85.083	172.169	425.736	6298.662	197.826	315.233	9.971	656.051	164.525
Standard5	Standard	F1		Checked	582.984	4341.633	16.627	242.918	85.712	77.419	228.922	2014.147	211.240	151.870	73.270	163.638	74.607	54.372	19.107	401.402	248.473	137.950	405.385	25.755	68.135	126.885	8.589	45.711	31.719	118.136	24.240	140.674	103.681	8.291	69.894	78.439	24.438	15.668	21.907	32.562	190.743	188.505	37.054	617.473	5.407	31.057	62.564	140.290	2287.251	71.301	111.406	3.649	238.743	61.189
Standard5	Standard	F2		Checked	546.654	3916.484	15.270	228.755	77.717	69.692	214.965	1743.279	194.186	136.093	67.652	155.946	70.697	46.698	16.795	361.450	224.541	124.699	380.428	24.119	59.096	117.996	8.210	40.718	29.208	107.523	22.370	128.249	95.416	7.529	66.790	72.154	22.863	14.486	20.931	31.432	173.404	182.306	35.408	564.644	5.176	28.094	55.603	131.541	2125.523	63.424	103.559	3.206	217.866	54.775
Standard6	Standard	G1		Indeterminate	198.702	1495.418	5.833	82.205	31.116	27.756	84.061	665.319	70.926	51.718	25.397	59.439	25.873	19.123	7.266	138.887	87.648	46.341	134.492	8.784	23.363	44.373	2.966	16.990	11.006	41.211	8.226	47.880	37.387	2.925	23.973	27.215	8.207	5.847	7.531	10.865	60.011	66.333	12.451	201.432	1.921	10.985	21.919	50.491	842.267	24.576	40.371	1.250	81.959	21.350
Standard6	Standard	G2		Checked	190.259	1370.105	5.561	78.187	29.081	24.742	78.603	618.491	69.976	47.518	23.499	55.565	24.146	17.534	6.094	132.380	79.563	44.856	129.877	8.190	21.396	40.818	2.836	14.955	10.389	36.717	7.815	45.532	33.469	2.725	23.468	26.490	7.912	5.090	7.337	10.338	56.935	64.464	12.080	197.652	1.828	10.191	20.864	47.276	811.017	22.797	37.302	1.077	78.371	19.678
Standard7	Standard	H1		Indeterminate	66.526	957.034	1.770	28.594	11.030	6.188	25.214	215.915	22.048	16.198	8.348	24.582	8.389	5.836	2.046	45.192	28.101	15.587	44.988	2.918	7.459	13.242	0.981	5.039	3.502	13.567	2.643	15.761	10.932	0.942	7.793	9.213	2.564	1.720	2.480	3.690	20.230	20.950	4.001	65.065	0.621	3.437	6.721	15.419	230.240	7.541	12.778	0.505	26.798	6.843
Standard7	Standard	H2		Indeterminate	61.725	568.674	1.663	24.733	7.945	1.641	23.081	204.442	20.970	15.442	7.491	17.819	7.815	5.424	1.890	40.796	24.752	13.825	42.612	2.664	6.692	13.242	0.943	4.401	3.199	11.334	2.523	14.178	10.214	0.844	7.534	7.927	2.564	1.644	2.332	3.411	19.795	21.340	4.001	65.065	0.511	3.109	6.225	14.964	230.240	7.205	11.543	0.194	23.911	6.085
Unknown1	Unknown	A3		Checked	181.870	2011.366	5.194	63.215	33.380	21.611	100.369	649.603	67.118	47.518	23.184	241.859	27.360	15.488	7.771	103.496	129.623	45.846	134.492	5.243	27.599	77.335	3.128	15.632	9.082	47.959	14.648	63.403	63.528	3.217	5.690	33.458	11.574	6.259	9.885	11.806	45.588	286.288	68.089	700.755	2.276	11.381	23.771	43.415	1161.428	31.040	150.612	2.063	85.558	20.513
Unknown1	Unknown	A5		Checked	0.050	41.592	0.000	0.000	0.000	0.000	0.000	20.544	0.000	0.000	0.000	0.000	0.000	0.000	0.000	0.000	0.000	0.000	1.939	0.000	0.000	0.000	0.000	0.000	0.000	0.000	0.000	0.000	0.000	0.000	0.000	0.000	0.000	0.000	0.000	0.992	5.194	8.348	0.000	8.618	0.000	0.000	0.000	0.000	0.000	0.000	0.000	0.000	0.000	0.000
Unknown2	Unknown	B3		Checked	9620.464	102878.085	252.635	3713.366	1901.507	1639.592	5095.264	32343.253	3626.457	2345.139	1272.286	2882.505	1330.543	773.745	387.349	5716.296	10116.806	3047.947	6779.957	335.161	1320.762	3480.545	166.077	899.908	455.215	2376.544	718.259	3033.004	2620.308	154.249	370.318	1542.206	538.775	305.763	497.043	638.766	2446.407	2635.679	714.283	8898.161	112.172	543.781	1473.651	2210.146	56496.579	1417.687	2017.957	118.671	4469.361	1043.327
Unknown2	Unknown	B5		Checked	44357.725	247541.855	799.605	16666.966	6395.357	5196.306	15422.032	141526.755	14966.605	11183.426	5146.973	10662.277	4713.536	4115.212	1490.093	27523.183	19492.212	10526.252	28428.334	1964.073	4973.892	9391.940	551.751	3385.238	2373.621	7870.423	1789.352	9417.790	7340.249	598.706	4752.519	5929.259	1747.499	1146.617	1620.513	2316.753	8947.883	7730.326	2646.352	34801.998	330.614	1934.038	4229.986	6350.833	178394.681	4011.884	8022.942	259.015	16864.379	4202.294
Unknown3	Unknown	C3		Indeterminate	433.608	8014.582	32.779	46.336	33.130	34.438	313.404	1420.263	88.746	295.925	3183.957	3653.362	950.050	4.217	3.071	1184.275	273.513	34.132	72.525	28.212	62.094	151.406	6.007	93.898	87.250	4397.815	334.766	88.024	62.784		8.178	4888.376	5.537	4151.235	540.321	2249.512	280.153	1614.352	122.293	1706.309	23.917	70.695	4098.934	1140.805	49773.429	32.126	439.829	63.459	24.734	408.589
Unknown3	Unknown	C5		Checked	15497.821	108287.380	414.655	6624.411	2533.266	2173.804	6986.521	49073.538	5769.496	4144.149	1971.437	4662.489	1921.534	1416.053	513.248	10057.428	6598.205	3607.696	10814.147	700.595	1836.975	3413.929	251.153	1238.203	887.897	3164.066	634.207	3530.906	2868.496	218.847	1840.673	2004.548	621.449	446.563	568.906	839.507	4874.752	4790.077	953.583	15215.379	149.634	845.001	1548.035	3403.658	63484.712	1684.210	3091.617	87.246	6262.406	1578.097
Unknown4	Unknown	D3		Checked	6.034	197.817	0.000	3.439	0.000	0.000	16.996	48.467	0.000	2.626	35.404	40.571	12.689	0.000	0.000	5.101	0.000	0.000	10.028	0.222	0.000	0.000	0.079	0.147	0.050	66.747	5.670	0.000	0.000	0.000	0.000	61.153	0.000	780.759	5.557	285.748	8.685	21.534	0.000	86.016	0.130	0.069	43.470	8.016	493.720	0.000	3.852	0.000	0.000	2.907
Unknown4	Unknown	D5		Checked	5338.236	39051.606	155.883	2177.500	773.165	622.200	1995.833	16794.781	1796.397	1305.248	634.031	1591.334	711.841	473.371	164.533	3568.160	2183.048	1204.392	3623.744	216.468	570.461	1109.199	76.990	384.640	275.314	990.114	205.335	1140.686	849.773	66.493	636.908	654.056	207.199	139.018	193.585	276.424	1647.802	1569.800	324.968	5069.023	44.179	273.136	484.079	1266.798	19515.134	610.855	954.577	29.624	1939.528	495.982
Unknown5	Unknown	E3		Checked	184.660	1932.585	4.917	62.524	31.622	21.611	94.264	610.780	62.325	45.431	22.241	237.459	26.725	14.775	7.350	101.912	122.254	45.846	129.101	5.243	25.597	75.250	3.047	15.632	8.544	45.709	13.914	62.195	61.050	3.107	5.824	33.087	11.696	5.671	9.571	11.297	43.927	280.840	67.515	686.961	2.223	10.985	21.787	41.238	1130.806	30.678	141.378	1.829	80.164	21.071
Unknown5	Unknown	E5		Checked	1743.694	12372.262	48.421	726.880	246.129	204.972	660.195	5716.403	598.846	432.097	208.486	520.398	222.557	163.032	53.194	1189.655	728.490	399.675	1213.661	74.196	199.362	376.406	26.895	124.924	91.299	318.125	66.770	381.399	275.987	23.096	204.354	222.628	68.430	46.889	62.261	95.722	515.141	571.656	109.270	1779.417	14.505	86.108	165.200	433.768	6275.694	198.049	316.900	9.909	665.078	162.838
Unknown6	Unknown	F3		Checked	9759.819	104550.658	268.750	3694.220	1945.117	1608.423	5366.669	31066.311	3733.403	2366.218	1293.291	2851.536	1348.274	764.298	384.222	5725.284	10116.806	3077.562	6878.407	342.855	1335.332	3474.940	171.144	930.374	466.596	2426.575	741.032	3016.900	2690.824	161.313	386.275	1530.540	581.777	315.390	496.470	635.362	3037.593	2762.756	707.156	9798.939	116.601	576.464	1474.206	2252.019	58091.562	1436.060	2041.778	117.277	4523.186	1099.356
Unknown6	Unknown	F5		Checked	602.952	4135.557	16.627	232.895	83.779	74.137	236.891	1922.574	203.583	145.353	72.566	164.721	75.927	51.794	17.682	405.059	233.139	134.624	407.957	25.506	65.931	123.469	9.038	42.854	31.248	113.964	22.835	130.202	98.670	7.569	70.493	77.422	23.255	15.438	21.218	31.631	178.642	181.613	36.206	591.879	5.368	29.498	55.880	135.851	2159.891	68.024	109.533	3.295	228.529	56.296
Unknown7	Unknown	G3		Checked	411.499	7803.630	32.182	46.336	31.622	30.674	309.766	1400.726	87.818	298.914	3001.534	3643.058	940.649	4.615	2.516	1167.090	246.553	33.173	63.550	30.496	60.457	154.122	6.007	96.868	84.662	4411.373	323.883	87.087	62.784	0.748	8.114	4992.895	5.424	4077.547	545.033	2019.633	246.743	1450.865	99.302	1720.177	24.951	73.519	3881.588	1109.675	50137.930	33.214	458.508	60.660	25.971	407.841
Unknown7	Unknown	G5		Checked	193.067	1320.434	5.286	70.751	27.022	22.669	79.286	595.439	65.205	45.848	22.869	53.571	23.051	16.446	5.430	127.520	71.527	42.885	124.411	7.812	21.151	38.680	2.672	12.933	9.620	33.723	7.136	41.450	30.537	2.348	20.978	22.897	7.267	4.774	6.816	9.889	54.880	60.652	11.184	188.053	1.617	9.236	18.501	45.593	706.293	19.968	34.930	0.790	73.904	17.743
Unknown8	Unknown	H3		Checked	7.791	197.817	0.000	3.439	0.000	0.000	15.915	44.648	0.000	2.626	32.792	38.179	12.174	0.000	0.000	3.294	0.000	0.000	10.028	0.247	0.000	0.000	0.079	0.000	0.000	65.994	5.147	0.000	0.000	0.000	0.000	57.992	0.000	681.376	5.153	263.254	8.226	20.556	2.854	83.183	0.057	0.000	38.285	6.723	472.181	0.000	4.133	0.000	0.000	2.672
Unknown8	Unknown	H5		Checked	56.976	481.904	1.221	21.586	7.306	0.000	22.368	193.141	17.700	13.939	6.361	17.819	6.933	4.815	1.582	37.887	19.780	12.953	37.693	2.308	5.934	10.617	0.868	3.768	2.593	6.132	2.286	11.575	7.831	0.748	6.489	6.976	2.145	1.245	2.031	3.411	18.052	19.757	2.148	65.065	0.400	2.450	4.993	13.446	196.249	5.868	10.625	0.000	20.642	5.335
Unknown9	Unknown	A4		Checked	187.456	2011.366	5.102	65.281	32.126	23.712	99.692	641.785	65.205	47.518	23.814	244.478	27.887	15.012	7.771	106.672	125.935	48.328	137.535	5.481	26.846	74.555	3.095	15.632	9.159	50.211	15.313	64.009	63.032	3.291	5.824	34.946	11.818	6.082	9.665	12.223	47.246	282.794	71.752	705.148	2.276	11.619	24.833	44.064	1161.428	31.401	147.528	1.888	86.460	21.630
Unknown9	Unknown	A6		Checked	0.000	41.592	0.000	0.000	0.000	0.000	0.000	20.544	0.000	0.000	0.000	0.000	0.000	0.000	0.000	0.000	0.000	0.000	1.939	0.000	0.000	0.000	0.000	0.000	0.000	0.000	0.000	0.000	0.000	0.000	0.000	0.000	0.000	0.000	0.000	0.992	5.194	8.348	0.000	8.618	0.000	0.000	0.000	0.000	0.000	0.000	0.000	0.000	0.000	0.000
Unknown10	Unknown	B4		Checked	9935.615	104327.175	260.103	3731.850	1927.394	1626.256	5290.144	32372.547	3717.336	2364.301	1302.030	2910.158	1322.358	787.155	395.012	5811.963	10189.423	3132.990	7017.191	339.586	1333.665	3521.605	170.108	919.100	464.166	2404.806	729.217	3032.384	2711.760	163.442	384.130	1605.302	559.865	310.752	494.149	635.554	2586.969	2718.800	725.877	8877.952	114.036	573.641	1484.767	2272.715	57300.421	1476.085	2083.415	119.164	4531.373	1068.015
Unknown10	Unknown	B6		Checked	45574.158	255772.773	871.495	17000.279	6444.417	5326.688	15678.990	147749.650	15558.134	11249.926	5476.159	10676.843	4192.419	4229.020	1526.881	28249.525	20020.215	10594.744	28810.671	2031.866	5124.938	9687.762	556.384	3485.595	2433.126	8329.478	1800.389	10021.471	7444.262	636.571	4896.096	5984.774	1827.036	1169.194	1742.853	2253.100	8726.892	8202.699	2324.923	32694.340	354.859	2029.305	4240.734	6405.336	176805.330	4839.737	8342.406	282.149	17396.357	4373.536
Unknown11	Unknown	C4		Indeterminate	424.111	8422.770	33.600	48.485	35.123	33.510	331.586	1499.191	89.673	319.416	3305.664	3733.536	962.994	4.815	2.832	1277.462	288.993	34.132	71.550	29.732	66.481	161.926	6.247	99.843	92.921	4663.326	346.344	91.157	67.249		8.625	4967.940	6.109	4384.994	549.098	2136.133	285.509	1602.331	121.361	1839.756	25.253	75.403	4185.398	1179.564	50482.037	34.669	449.374	65.699	27.213	429.991
Unknown11	Unknown	C6		Checked	15989.546	110241.835	415.564	6480.252	2501.011	2198.448	6959.577	47900.171	5823.358	4096.200	2009.550	4578.082	1988.555	1446.374	530.080	10179.808	6513.509	3658.645	10920.681	713.436	1851.352	3458.145	253.849	1279.816	892.872	3267.930	628.356	3601.807	2916.030	220.754	1852.810	2083.699	643.409	453.625	586.908	848.309	4474.345	4093.638	946.553	15049.120	154.646	824.243	1570.851	3363.271	63548.609	1732.776	3066.466	88.356	6329.161	1597.219
Unknown12	Unknown	D4		Checked	9.605	197.817	0.000	3.439	0.000	0.000	15.915	44.648	0.000	3.276	34.750	42.886	12.689	0.092	0.000	5.101	0.000	0.000	12.091	0.222	0.000	0.000	0.024	0.147	0.050	67.500	5.408	0.000	0.000	0.000	0.000	61.153	0.000	719.056	5.085	283.884	8.799	21.727	0.000	83.183	0.116	0.069	42.102	7.712	477.571	0.000	3.852	0.000	0.000	2.907
Unknown12	Unknown	D6		Checked	5282.856	37795.714	152.035	2093.851	750.269	625.501	1940.768	15874.020	1769.197	1305.248	610.958	1590.254	701.963	454.561	157.398	3539.222	2051.596	1200.198	3593.345	213.640	550.477	1101.608	75.092	349.636	270.956	956.227	198.238	1110.892	830.825	65.386	605.251	642.552	197.091	136.336	182.879	268.442	1630.884	1494.832	325.128	5023.064	42.305	256.856	472.513	1198.653	18485.013	606.950	931.924	29.034	1927.013	487.545
Unknown13	Unknown	E4		Checked	173.537	1958.794	4.824	61.486	30.610	19.446	94.943	595.439	60.397	45.014	22.241	237.459	25.659	14.775	7.266	103.496	124.093	45.846	127.155	5.322	25.846	73.163	3.031	14.279	8.698	46.084	15.017	63.403	62.289	3.144	5.556	32.346	11.330	5.438	9.571	11.382	43.719	275.908	64.555	671.386	2.223	11.619	22.183	41.620	1100.132	30.317	145.988	2.063	81.959	20.791
Unknown13	Unknown	E6		Checked	1705.886	11297.233	46.369	704.359	245.764	198.673	631.018	5485.013	568.219	411.449	200.908	499.189	219.262	154.349	49.209	1172.455	670.177	382.342	1208.562	71.740	184.191	367.386	26.600	110.290	85.147	322.024	63.417	377.684	268.262	21.803	201.577	212.067	66.739	43.152	61.739	91.932	495.577	610.499	108.589	1750.904	13.993	82.639	151.468	425.029	5473.019	189.361	310.236	9.360	626.923	152.086
Unknown14	Unknown	F4		Checked	9570.209	102766.872	264.697	3638.490	1894.306	1608.236	5339.655	30980.097	3743.354	2441.191	1310.187	2877.313	1349.175	778.132	385.084	5779.375	10027.292	3123.613	6811.757	342.387	1312.659	3490.038	175.588	929.121	473.146	2408.346	721.116	2997.749	2659.617	160.038	385.105	1600.525	573.341	304.663	511.304	636.003	2981.035	2706.591	680.538	9366.073	116.397	554.060	1484.397	2278.076	57653.902	1479.897	2033.363	116.050	4594.239	1068.232
Unknown14	Unknown	F6		Checked	556.526	4047.710	16.269	227.275	82.270	72.665	224.936	1784.998	199.744	135.170	69.754	160.366	72.284	50.939	16.795	395.013	221.679	130.203	402.035	24.267	64.832	120.733	9.009	39.652	29.992	109.796	21.056	128.574	94.415	7.170	70.093	73.366	22.536	15.900	20.815	31.176	178.542	176.265	35.346	577.733	5.330	27.626	53.662	130.984	2012.353	64.954	104.676	2.706	220.770	53.864
Unknown15	Unknown	G4		Indeterminate	424.111	8340.871	32.555	49.198	31.116	33.510	322.331	1509.144	87.818	301.906	3043.961	3759.589	965.341	4.615	2.516	1192.886	269.651	35.094	69.584	27.054	62.367	167.010	5.585	98.355	86.764	4417.837	322.593	85.527	62.041		7.922	4994.746	5.651	4219.851	541.779	2038.804	263.925	1486.732	117.150	1743.985	24.728	72.107	4057.760	1141.964	51327.552	34.669	435.499	61.877	25.558	409.712
Unknown15	Unknown	G6		Checked	184.660	1320.434	5.102	68.365	27.022	22.669	75.187	572.634	63.286	42.523	22.241	53.571	22.609	16.206	5.265	124.290	71.527	40.922	124.411	7.520	20.907	39.036	2.705	12.933	9.466	32.227	7.136	41.450	30.049	2.348	20.978	23.611	7.150	4.860	6.685	9.799	54.674	61.134	11.445	189.023	1.577	9.077	17.717	45.631	685.236	19.968	34.930	0.618	70.344	17.193
Unknown16	Unknown	H4		Checked	6.034	216.830	0.000	2.401	0.000	0.000	17.356	46.547	0.000	3.276	39.026	45.134	14.452	0.000	0.000	6.338	0.000	0.000	7.775	0.222	0.000	0.000	0.079	0.000	0.196	75.032	6.066	0.000	0.000	0.000	0.000	69.536	0.000	831.697	6.553	303.891	8.226	24.355	1.232	91.553	0.145	0.338	46.213	8.662	568.665	0.000	4.416	0.000	0.000	3.622
Unknown16	Unknown	H6		Checked	59.344	460.541	1.221	20.790	5.996	0.000	20.941	187.557	16.596	13.192	6.642	9.070	6.633	4.815	1.582	37.887	21.430	12.953	37.693	2.450	6.258	9.483	0.868	3.768	2.593	6.132	2.286	11.575	7.831	0.684	6.489	6.662	2.041	1.002	2.031	3.411	18.489	19.353	2.854	58.479	0.400	2.284	4.993	13.408	150.337	5.868	10.320	0.000	20.642	4.840
