Sample	Use	Well(s)	n	Included	B7-H1	CD40 Lig	EGF	Eotaxin	FGF-basic (CDXY)	FGF-basic (HR)	Flt-3 Lig	Fractalkine	G-CSF	GM-CSF	Granzyme B	GRO alpha	GRO beta	IFN-alpha2	IFN-beta	IFN-gamma	IL-10	IL-12p70	IL-13	IL-15	IL-17A	IL-17E	IL-1alpha (BYU)	IL-1alpha (GX)	IL-1beta	IL-1ra	IL-2	IL-3	IL-33	IL-4	IL-5	IL-6	IL-7	IL-8	IP-10	MCP-1	MCP-3	MDC	MIP-1alpha	MIP-1beta	MIP-3alpha	MIP-3beta	PDGF-AA	PDGF-AB/BB	RANTES	TGF-alpha	TNF-alpha	TNF-beta	TRAIL	VEGF
Background0	Blank	A1		Checked																																																		
Background0	Blank	A2		Checked																																																		
Standard1	Standard	B1		Checked	46670.00	333335.00	1310.00	19290.00	6785.00	5805.00	18380.00	153345.00	16280.00	11750.00	5785.00	13470.00	5955.00	4190.00	1520.00	31445.00	19440.00	10700.00	31900.00	2035.00	5200.00	10075.00	700.00	3540.00	2480.00	9110.00	1900.00	10940.00	8130.00	655.00	5620.00	6220.00	1915.00	1280.00	1760.00	2580.00	14455.00	15490.00	2950.00	47820.00	420.00	2440.00	4855.00	11425.00	182965.00	5535.00	8970.00	280.00	18570.00	4745.00
Standard1	Standard	B2		Checked	46670.00	333335.00	1310.00	19290.00	6785.00	5805.00	18380.00	153345.00	16280.00	11750.00	5785.00	13470.00	5955.00	4190.00	1520.00	31445.00	19440.00	10700.00	31900.00	2035.00	5200.00	10075.00	700.00	3540.00	2480.00	9110.00	1900.00	10940.00	8130.00	655.00	5620.00	6220.00	1915.00	1280.00	1760.00	2580.00	14455.00	15490.00	2950.00	47820.00	420.00	2440.00	4855.00	11425.00	182965.00	5535.00	8970.00	280.00	18570.00	4745.00
Standard2	Standard	C1		Checked	15556.67	111111.67	436.67	6430.00	2261.67	1935.00	6126.67	51115.00	5426.67	3916.67	1928.33	4490.00	1985.00	1396.67	506.67	10481.67	6480.00	3566.67	10633.33	678.33	1733.33	3358.33	233.33	1180.00	826.67	3036.67	633.33	3646.67	2710.00	218.33	1873.33	2073.33	638.33	426.67	586.67	860.00	4818.33	5163.33	983.33	15940.00	140.00	813.33	1618.33	3808.33	60988.33	1845.00	2990.00	93.33	6190.00	1581.67
Standard2	Standard	C2		Checked	15556.67	111111.67	436.67	6430.00	2261.67	1935.00	6126.67	51115.00	5426.67	3916.67	1928.33	4490.00	1985.00	1396.67	506.67	10481.67	6480.00	3566.67	10633.33	678.33	1733.33	3358.33	233.33	1180.00	826.67	3036.67	633.33	3646.67	2710.00	218.33	1873.33	2073.33	638.33	426.67	586.67	860.00	4818.33	5163.33	983.33	15940.00	140.00	813.33	1618.33	3808.33	60988.33	1845.00	2990.00	93.33	6190.00	1581.67
Standard3	Standard	D1		Checked	5185.56	37037.22	145.56	2143.33	753.89	645.00	2042.22	17038.33	1808.89	1305.56	642.78	1496.67	661.67	465.56	168.89	3493.89	2160.00	1188.89	3544.44	226.11	577.78	1119.44	77.78	393.33	275.56	1012.22	211.11	1215.56	903.33	72.78	624.44	691.11	212.78	142.22	195.56	286.67	1606.11	1721.11	327.78	5313.33	46.67	271.11	539.44	1269.44	20329.44	615.00	996.67	31.11	2063.33	527.22
Standard3	Standard	D2		Checked	5185.56	37037.22	145.56	2143.33	753.89	645.00	2042.22	17038.33	1808.89	1305.56	642.78	1496.67	661.67	465.56	168.89	3493.89	2160.00	1188.89	3544.44	226.11	577.78	1119.44	77.78	393.33	275.56	1012.22	211.11	1215.56	903.33	72.78	624.44	691.11	212.78	142.22	195.56	286.67	1606.11	1721.11	327.78	5313.33	46.67	271.11	539.44	1269.44	20329.44	615.00	996.67	31.11	2063.33	527.22
Standard4	Standard	E1		Checked	1728.52	12345.74	48.52	714.44	251.30	215.00	680.74	5679.44	602.96	435.19	214.26	498.89	220.56	155.19	56.30	1164.63	720.00	396.30	1181.48	75.37	192.59	373.15	25.93	131.11	91.85	337.41	70.37	405.19	301.11	24.26	208.15	230.37	70.93	47.41	65.19	95.56	535.37	573.70	109.26	1771.11	15.56	90.37	179.81	423.15	6776.48	205.00	332.22	10.37	687.78	175.74
Standard4	Standard	E2		Checked	1728.52	12345.74	48.52	714.44	251.30	215.00	680.74	5679.44	602.96	435.19	214.26	498.89	220.56	155.19	56.30	1164.63	720.00	396.30	1181.48	75.37	192.59	373.15	25.93	131.11	91.85	337.41	70.37	405.19	301.11	24.26	208.15	230.37	70.93	47.41	65.19	95.56	535.37	573.70	109.26	1771.11	15.56	90.37	179.81	423.15	6776.48	205.00	332.22	10.37	687.78	175.74
Standard5	Standard	F1		Checked	576.17	4115.25	16.17	238.15	83.77	71.67	226.91	1893.15	200.99	145.06	71.42	166.30	73.52	51.73	18.77	388.21	240.00	132.10	393.83	25.12	64.20	124.38	8.64	43.70	30.62	112.47	23.46	135.06	100.37	8.09	69.38	76.79	23.64	15.80	21.73	31.85	178.46	191.23	36.42	590.37	5.19	30.12	59.94	141.05	2258.83	68.33	110.74	3.46	229.26	58.58
Standard5	Standard	F2		Checked	576.17	4115.25	16.17	238.15	83.77	71.67	226.91	1893.15	200.99	145.06	71.42	166.30	73.52	51.73	18.77	388.21	240.00	132.10	393.83	25.12	64.20	124.38	8.64	43.70	30.62	112.47	23.46	135.06	100.37	8.09	69.38	76.79	23.64	15.80	21.73	31.85	178.46	191.23	36.42	590.37	5.19	30.12	59.94	141.05	2258.83	68.33	110.74	3.46	229.26	58.58
Standard6	Standard	G1		Checked	192.06	1371.75	5.39	79.38	27.92	23.89	75.64	631.05	67.00	48.35	23.81	55.43	24.51	17.24	6.26	129.40	80.00	44.03	131.28	8.37	21.40	41.46	2.88	14.57	10.21	37.49	7.82	45.02	33.46	2.70	23.13	25.60	7.88	5.27	7.24	10.62	59.49	63.74	12.14	196.79	1.73	10.04	19.98	47.02	752.94	22.78	36.91	1.15	76.42	19.53
Standard6	Standard	G2		Checked	192.06	1371.75	5.39	79.38	27.92	23.89	75.64	631.05	67.00	48.35	23.81	55.43	24.51	17.24	6.26	129.40	80.00	44.03	131.28	8.37	21.40	41.46	2.88	14.57	10.21	37.49	7.82	45.02	33.46	2.70	23.13	25.60	7.88	5.27	7.24	10.62	59.49	63.74	12.14	196.79	1.73	10.04	19.98	47.02	752.94	22.78	36.91	1.15	76.42	19.53
Standard7	Standard	H1		Checked	64.02	457.25	1.80	26.46	9.31	7.96	25.21	210.35	22.33	16.12	7.94	18.48	8.17	5.75	2.09	43.13	26.67	14.68	43.76	2.79	7.13	13.82	0.96	4.86	3.40	12.50	2.61	15.01	11.15	0.90	7.71	8.53	2.63	1.76	2.41	3.54	19.83	21.25	4.05	65.60	0.58	3.35	6.66	15.67	250.98	7.59	12.30	0.38	25.47	6.51
Standard7	Standard	H2		Checked	64.02	457.25	1.80	26.46	9.31	7.96	25.21	210.35	22.33	16.12	7.94	18.48	8.17	5.75	2.09	43.13	26.67	14.68	43.76	2.79	7.13	13.82	0.96	4.86	3.40	12.50	2.61	15.01	11.15	0.90	7.71	8.53	2.63	1.76	2.41	3.54	19.83	21.25	4.05	65.60	0.58	3.35	6.66	15.67	250.98	7.59	12.30	0.38	25.47	6.51
Unknown1	Unknown	A3		Checked																																																		
Unknown1	Unknown	A5		Checked																																																		
Unknown2	Unknown	B3		Checked																																																		
Unknown2	Unknown	B5		Checked																																																		
Unknown3	Unknown	C3		Indeterminate																																																		
Unknown3	Unknown	C5		Checked																																																		
Unknown4	Unknown	D3		Checked																																																		
Unknown4	Unknown	D5		Checked																																																		
Unknown5	Unknown	E3		Checked																																																		
Unknown5	Unknown	E5		Checked																																																		
Unknown6	Unknown	F3		Checked																																																		
Unknown6	Unknown	F5		Checked																																																		
Unknown7	Unknown	G3		Checked																																																		
Unknown7	Unknown	G5		Checked																																																		
Unknown8	Unknown	H3		Checked																																																		
Unknown8	Unknown	H5		Checked																																																		
Unknown9	Unknown	A4		Checked																																																		
Unknown9	Unknown	A6		Checked																																																		
Unknown10	Unknown	B4		Checked																																																		
Unknown10	Unknown	B6		Checked																																																		
Unknown11	Unknown	C4		Indeterminate																																																		
Unknown11	Unknown	C6		Checked																																																		
Unknown12	Unknown	D4		Checked																																																		
Unknown12	Unknown	D6		Checked																																																		
Unknown13	Unknown	E4		Checked																																																		
Unknown13	Unknown	E6		Checked																																																		
Unknown14	Unknown	F4		Checked																																																		
Unknown14	Unknown	F6		Checked																																																		
Unknown15	Unknown	G4		Indeterminate																																																		
Unknown15	Unknown	G6		Checked																																																		
Unknown16	Unknown	H4		Checked																																																		
Unknown16	Unknown	H6		Checked																																																		
