Sample	Use	Well(s)	n	Included	B7-H1	CD40 Lig	EGF	Eotaxin	FGF-basic (CDXY)	FGF-basic (HR)	Flt-3 Lig	Fractalkine	G-CSF	GM-CSF	Granzyme B	GRO alpha	GRO beta	IFN-alpha2	IFN-beta	IFN-gamma	IL-10	IL-12p70	IL-13	IL-15	IL-17A	IL-17E	IL-1alpha (BYU)	IL-1alpha (GX)	IL-1beta	IL-1ra	IL-2	IL-3	IL-33	IL-4	IL-5	IL-6	IL-7	IL-8	IP-10	MCP-1	MCP-3	MDC	MIP-1alpha	MIP-1beta	MIP-3alpha	MIP-3beta	PDGF-AA	PDGF-AB/BB	RANTES	TGF-alpha	TNF-alpha	TNF-beta	TRAIL	VEGF
Background0	Blank	A1,A2	2	Checked																																																		
Standard1	Standard	B1,B2	2	Checked	46915.56	535050.83		19231.52	6511.66	5234.45	16629.98	155860.83	15625.17	11477.96	5650.61	11846.69	5132.14	4166.59	1527.93	31858.90	20054.23	10670.89	31088.83	2006.18	5077.27	9705.16	704.46	3527.16	2425.16	8594.57	1868.19	10457.22	7711.89	647.84	5788.02	6128.26	1892.66	1236.08	1767.60	2421.74	12843.04		3131.18	43733.61	374.63	2253.60	4673.68		187991.64	6310.66	8612.50	280.18	17909.13	4607.25
Standard2	Standard	C1,C2	2	Checked	15539.42	86789.12	432.99	6462.42	2412.97	2174.22	6808.86	50333.60	5720.88	3981.03	2023.58	4468.79	1945.53	1402.04	526.22	10511.03	6439.07	3583.19	10812.49	701.11	1787.56	3449.39	247.86	1278.67	877.20	3206.10	641.04	3760.65	2952.01	223.41	1851.84	2136.33	653.03	446.72	585.79	893.17	4995.21	5143.21	978.93	16875.43	156.86	862.13	1715.26	3605.00	64915.51	1758.16	3160.47	93.79	6523.72	1661.68
Standard3	Standard	D1,D2	2	Checked	5088.02	48549.94	151.89	2109.63	737.07	608.76	1927.85	16746.60	1771.59	1295.97	622.97	1532.40	688.66	464.15	166.00	3520.03	2119.28	1186.94	3502.84	216.97	565.99	1100.60	74.28	377.08	265.48	969.59	210.26	1176.88	858.47	70.42	630.83	669.65	207.00	141.53	197.28	279.86	1652.18	1650.09	331.19	5160.22	44.26	268.68	523.00	1260.11	19254.09	633.66	963.80	31.13	1973.01	512.43
Standard4	Standard	E1,E2	2	Checked	1768.06	11042.24	48.53	719.94	246.93	200.98	649.93	5838.44	593.01	436.53	215.02	510.21	217.87	160.35	56.53	1184.01	721.88	399.69	1188.72	75.91	194.12	373.23	26.56	127.39	90.67	330.63	70.55	405.35	290.19	24.55	209.20	234.33	71.17	48.86	65.44	96.62	520.82	582.87	110.80	1783.63	15.08	90.81	178.42	439.10	6648.93	207.98	329.27	10.60	685.10	174.03
Standard5	Standard	F1,F2	2	Checked	564.89	4462.84	15.95	235.83	81.71	71.86	221.95	1878.91	202.72	143.98	70.46	160.53	72.66	50.53	17.96	381.43	236.51	131.32	392.91	24.93	63.62	122.44	8.40	43.21	30.47	112.83	23.31	134.46	99.55	7.92	68.34	75.30	23.65	15.08	21.42	32.00	182.08	185.33	36.23	591.06	5.29	29.57	59.09	135.93	2206.35	67.36	107.48	3.37	228.31	57.98
Standard6	Standard	G1,G2	2	Checked	194.51	1588.15	5.70	80.19	30.10	27.06	81.33	641.96	70.45	49.62	24.45	57.17	25.01	18.33	6.69	135.63	83.61	45.60	132.19	8.48	22.38	42.59	2.90	15.97	10.70	38.97	8.02	46.71	35.43	2.83	23.72	26.85	8.06	5.47	7.43	10.60	58.48	65.42	12.27	199.54	1.88	10.59	21.39	48.87	826.62	23.69	38.83	1.19	80.16	20.52
Standard7	Standard	H1,H2	2	Checked	64.12	549.13	1.72	26.66	9.49	7.86	24.14	210.20	21.51	15.82	7.92	19.36	8.10	5.63	1.97	42.99	26.43	14.71	43.80	2.79	7.07	13.24	0.96	4.72	3.35	12.45	2.59	14.97	10.57	0.90	7.66	8.57	2.57	1.69	2.40	3.55	20.01	21.14	4.00	65.07	0.57	3.28	6.47	15.20	230.25	7.37	12.16	0.43	25.35	6.47
Unknown1	Unknown	A3,A5	2	Checked	90.97	1150.37	2.60	31.61	16.69	11.41	50.19	335.11	33.56	23.76	11.59	121.38	13.68	7.74	3.89	51.74	64.82	22.92	68.21	2.62	13.80	38.67	1.56	7.82	4.54	23.98	7.33	31.70	31.77	1.61	2.85	16.73	5.79	3.13	4.94	6.40	25.39	147.21	34.04	354.69	1.14	5.69	11.89	21.70	580.70	15.52	75.31	1.02	42.78	10.26
Unknown2	Unknown	B3,B5	2	Checked	26990.93	251730.68	542.97	10189.76	4148.35	3422.22	10258.81	86947.96	9296.44	6764.22	3209.64	6892.57	3021.79	2444.29	939.31	16621.30	14805.45	6787.79	17603.86	1149.58	3147.38	6436.25	358.83	2142.57	1414.51	5123.51	1254.10	6225.46	4980.27	376.49	2561.44	3735.77	1143.12	726.20	1058.75	1477.72	5697.43	4692.21	1680.40	21850.07	221.39	1238.97	2851.80	4133.79	117433.44	2644.91	5020.43	189.77	10666.88	2622.82
Unknown3	Unknown	C3,C5	2	Indeterminate	7965.25	47397.28	225.15	3335.40	1283.19	1125.89	3649.84	25249.25	2929.09	2220.06	2577.83	4121.03	1435.51	710.23	258.17	5620.53	3435.57	1820.94	5443.41	364.42	949.48	1782.62	128.54	666.07	487.52	3780.97	484.47	1809.57	1465.56	218.79	924.44	3446.46	313.53	2293.60	554.62	1544.51	2577.60	3105.45	537.93	8460.81	86.79	457.92	2823.46	2257.06	56629.57	857.82	1765.70	77.55	3143.50	993.33
Unknown4	Unknown	D3,D5	2	Checked	2672.02	14569.07	77.92	1090.47	386.61	311.46	1006.40	8422.54	898.20	653.95	334.72	810.25	362.25	236.71	82.26	1786.68	1091.42	602.18	1816.88	108.35	285.22	554.61	38.54	192.40	137.68	528.43	105.49	570.34	424.89	33.24	318.45	357.60	103.61	459.91	99.58	281.08	828.24	797.46	162.49	2577.52	22.16	136.61	263.78	637.07	10004.69	305.72	479.22	15.14	969.77	249.44
Unknown5	Unknown	E3,E5	2	Checked	964.23	6606.51	26.65	394.70	138.88	111.92	377.23	3163.95	330.59	238.76	115.36	379.35	124.65	88.91	30.27	645.80	425.36	222.76	671.38	39.72	112.48	225.83	14.97	70.28	49.93	181.92	40.34	221.79	168.53	13.11	105.09	127.86	40.06	26.28	35.92	53.51	279.53	426.20	88.39	1233.19	8.37	48.54	93.50	237.60	3703.26	114.36	229.14	5.84	372.63	91.96
Unknown6	Unknown	F3,F5	2	Checked	5181.11	43801.39	142.95	1963.57	1014.47	854.52	2801.69	16496.06	1968.49	1255.81	682.94	1495.70	712.00	408.10	200.94	3065.16	5174.77	1606.10	3643.22	184.19	700.59	1799.15	90.08	486.63	248.91	1270.28	381.94	1573.63	1394.68	84.43	228.38	803.96	302.55	165.42	258.85	333.52	1608.16	1465.75	371.68	5195.40	60.99	303.01	765.03	1190.21	30125.96	752.49	1075.65	61.75	2375.83	577.82
Unknown7	Unknown	G3,G5	2	Checked	302.32	4506.95	18.73	58.54	29.32	27.46	194.53	998.18	76.51	172.38	1512.29	1831.29	481.82	10.53	3.98	647.32	159.05	38.03	93.98	19.15	40.81	96.40	4.34	54.90	47.15	2222.56	165.50	64.27	46.66	1.55	14.55	2507.93	6.35	2036.16	275.93	1014.78	150.81	757.46	55.24	954.12	13.29	41.37	1950.03	577.49	25422.48	26.59	246.72	31.63	49.94	212.79
Unknown8	Unknown	H3,H5	2	Checked	32.37	0.00	0.61	12.51	3.65	2.41	19.14	118.91	8.85	8.28	19.58	26.49	9.56	2.41	0.79	20.59	9.89	6.48	23.86	1.28	2.97	5.31	0.47	1.89	1.30	36.06	3.72	5.79	3.91	0.37	3.25	32.49	1.07	341.34	3.59	133.33	13.14	20.15	2.51	74.13	0.23	1.23	21.64	10.10	334.22	2.93	7.37	0.01	10.32	4.00
Unknown9	Unknown	A4,A6	2	Checked	93.74	1150.37	2.55	32.64	16.06	12.37	49.85	331.20	32.60	23.76	11.91	122.69	13.94	7.51	3.89	53.33	62.97	24.16	69.74	2.74	13.42	37.28	1.55	7.82	4.58	25.11	7.66	32.00	31.52	1.65	2.91	17.47	5.91	3.04	4.83	6.61	26.22	145.47	35.88	356.89	1.14	5.81	12.42	22.02	580.70	15.70	73.76	0.94	43.23	10.82
Unknown10	Unknown	B4,B6	2	Checked	27756.96	274698.19	590.27	10365.61	4185.83	3474.53	10484.76	90075.12	9637.65	6807.06	3389.05	6914.88	2756.70	2507.86	961.57	17032.79	15105.89	6864.57	17913.63	1185.68	3229.38	6604.75	363.16	2202.33	1448.77	5367.17	1265.10	6526.86	5078.02	400.04	2640.13	3795.07	1193.42	739.98	1118.47	1444.31	5657.22	4877.32	1525.38	20786.12	234.43	1301.50	2862.74	4187.02	117040.98	3016.75	5212.92	200.81	10963.92	2720.79
Unknown11	Unknown	C4,C6	2	Indeterminate	8206.36	48606.69	226.03	3264.39	1268.06	1138.07	3645.46	24701.98	2956.49	2207.83	2657.75	4118.73	1475.48	725.69	266.47	5728.30	3400.96	1846.42	5496.19	371.60	958.86	1809.99	130.01	689.85	492.85	3965.65	487.34	1846.59	1491.56	220.70	930.73	3525.82	324.79	2412.92	568.01	1492.26	2380.05	2797.26	533.95	8444.41	89.96	449.89	2878.11	2256.78	57015.81	883.14	1757.89	79.28	3178.11	1013.59
Unknown12	Unknown	D4,D6	2	Checked	2646.12	14141.25	75.99	1048.65	375.16	313.14	978.33	7960.20	884.60	654.28	322.85	810.91	357.32	227.35	78.69	1772.21	1025.70	600.09	1802.72	106.93	275.23	550.81	37.56	174.89	135.50	511.86	101.82	555.44	415.42	32.69	302.62	351.85	98.55	427.72	93.99	276.15	819.84	760.02	162.57	2553.13	21.21	128.47	257.31	602.95	9481.54	303.77	467.89	14.80	963.51	245.22
Unknown13	Unknown	E4,E6	2	Checked	939.76	6231.25	25.58	382.92	138.19	107.81	362.99	3040.57	314.31	228.23	111.57	368.81	122.47	84.56	28.24	638.00	397.13	214.09	667.86	38.53	105.02	220.27	14.82	62.28	46.93	184.05	39.22	220.54	165.28	12.48	103.57	122.21	39.03	24.29	35.66	51.66	269.65	443.20	86.57	1211.15	8.11	47.13	86.83	233.42	3286.57	109.83	228.11	5.68	354.45	86.44
Unknown14	Unknown	F4,F6	2	Checked	5063.09	42845.94	140.73	1932.89	988.31	853.72	2782.21	16384.15	1971.54	1288.21	689.98	1506.25	710.63	414.59	200.93	3087.18	5124.27	1626.92	3606.93	183.33	688.71	1805.33	92.29	484.40	251.55	1259.08	371.09	1563.23	1376.95	83.59	227.60	836.92	297.97	160.28	266.06	333.61	1579.83	1435.93	357.95	4971.89	60.87	290.87	769.02	1200.65	29833.37	772.78	1069.01	60.85	2407.47	561.04
Unknown15	Unknown	G4,G6	2	Indeterminate	304.43	4717.44	18.82	58.78	29.07	28.78	198.76	1040.99	75.55	172.21	1533.19	1889.06	493.94	10.41	3.90	658.61	170.60	38.01	97.00	17.28	41.64	103.02	4.14	55.64	48.12	2225.05	164.85	63.49	46.05	2.35	14.45	2509.21	6.40	2106.74	274.23	1024.32	159.30	775.67	64.30	966.51	13.15	40.59	2037.73	593.62	26006.75	27.32	235.22	32.18	47.95	213.45
Unknown16	Unknown	H4,H6	2	Checked	32.68	0.00	0.61	11.59	3.00	1.63	19.15	117.07	8.30	8.24	22.84	24.81	10.54	2.41	0.79	22.11	10.72	6.48	22.73	1.34	3.13	4.74	0.47	1.89	1.39	40.58	4.18	5.79	3.91	0.34	3.25	38.10	1.02	416.38	4.29	153.65	13.36	21.85	2.05	75.02	0.28	1.31	25.60	11.05	359.50	2.93	7.36	0.00	10.32	4.23
